7804
1861
52889
32012
50123
45773
39799
32420
15913
44058
27518
33069
54172
71291
82056
99213
85198
6956
12016
45055
50494
96689
81794
97581
69592
63327
85036
12921
50710
62851
43639
98156
20971
9283
93041
59566
38938
24762
38030
19526
27253
6238
15012
18539
16444
38630
76421
46364
22286
25783
20900
26755
88575
55211
28875
14012
14780
60318
27361
46368
53760
94736
60
41178
8561
87361
79275
9938
79327
3827
4668
17362
11394
420
10561
8039
73912
19785
8265
76676
54664
44304
62822
63444
91216
92655
24600
14685
71160
17784
65317
61029
24889
40452
85374
29908
3242
31475
4783
27539
79289
37931
23496
96626
38644
33852
38628
80348
25907
64305
35832
641
96195
43263
29996
89367
80189
60293
16477
94614
8705
48859
8237
21233
58557
69891
76544
54631
75292
68305
83286
59910
366
67256
91515
44640
80424
75185
67470
22868
64581
94094
42133
20396
1919
33973
83259
16953
35930
57947
39887
29546
55188
5473
60472
3108
298
66758
53079
89516
45980
10620
51472
64077
74142
116
74505
49822
28895
65513
17828
94230
97665
42572
96754
70447
93927
25603
67009
55660
26547
29401
86151
72936
28314
1891
42577
69686
81977
80226
71347
45841
25941
37060
96436
37895
43750
20867
87592
11158
41584
54404
96618
11886
96217
18830
42678
83396
12243
17462
49152
55827
61825
82808
95594
77920
92844
63242
37503
70990
82037
1597
63899
50210
78558
96924
8127
76397
30376
22813
819
72675
11019
60934
55625
64711
67383
96797
8098
80659
90704
16285
86038
77517
72227
36103
75616
44285
42729
99060
61790
69142
10761
65966
63778
47781
8339
39953
56785
53141
24761
66124
69706
82915
59354
59728
75190
50595
52144
29396
43238
88190
57834
78515
12407
84368
12898
87414
43752
90445
8232
1817
61756
88454
20520
78876
53838
30487
74297
71116
95383
26556
3707
60737
90822
79405
57999
91988
72908
39047
48076
87707
82162
77205
62730
77595
56327
62442
92671
10470
95743
50411
88066
70458
34692
90529
41031
67981
41062
90257
28331
30397
87070
71294
71579
74272
82346
98133
72248
1536
37312
58787
57100
25124
29599
29905
25935
96245
79136
64066
28069
75009
98600
95764
6516
58935
75049
74356
39607
59705
55875
97241
78599
97576
57609
34574
26809
64944
89639
8018
30909
95840
86570
10350
58235
66515
72752
30193
15320
43751
40386
76687
22312
92196
8675
82629
95569
49746
45632
1411
6415
80903
76464
3031
77903
22018
72825
17532
53403
39465
15807
70383
20932
32058
52174
3675
5358
22387
18120
79405
46961
98253
87781
16716
69316
85022
14720
23647
2046
52465
73794
45751
64727
85522
78093
68885
37063
77457
41037
81565
37440
35963
77268
23430
7040
28067
87630
20713
49950
28041
53310
37027
11019
74024
72119
48375
82699
83726
5959
84947
19727
27282
72620
69114
6174
6258
7418
18947
63302
41778
40508
79682
8580
31885
84318
91709
76353
98502
2155
3014
88856
7734
33857
86419
22619
13761
87237
27547
49790
46195
65152
8120
46483
33534
87127
21017
51001
31218
81806
18476
23617
1808
71883
12853
6566
76914
46699
20594
8024
15788
19361
64334
37036
63841
95037
25539
97730
5866
34948
70624
10622
3382
86665
57189
66402
3244
65447
63852
33322
5584
13648
77059
33166
83097
35629
11352
72730
50873
4163
35752
67862
96177
60952
28226
25318
91011
88688
82665
54039
26733
14983
48350
61948
29708
19529
90585
56923
39653
55027
22983
11371
58265
59679
76842
68639
4705
34478
41108
66491
46638
82041
27621
27963
10784
55411
90642
23156
15331
45022
57114
36839
8033
39936
4674
86235
38483
35516
58119
20957
40756
23814
61848
2757
53563
95293
25749
6646
58986
869
35050
6867
78049
71808
60877
11340
21619
71697
7528
86380
58483
59441
84972
69896
29000
75201
596
5675
2304
22195
22952
44023
47840
6447
82052
44719
67834
13859
35705
87085
16372
49387
49459
38974
12819
36650
8909
61548
42626
77932
7423
29951
26909
4359
29810
31340
33712
3916
83013
61184
98476
1008
8571
76375
19013
75453
48467
79380
91143
51036
25859
1532
55163
54208
45312
25531
30443
42028
13295
37320
25715
25091
29055
25717
25966
66013
98411
54534
73384
16903
78568
16408
79413
70331
70759
40128
27746
37434
39327
64000
53929
34093
50807
6611
16305
51538
94630
63362
5110
11248
68267
32189
71800
55701
83941
25161
99088
6282
81488
53959
73644
27612
12497
86728
68057
73541
94568
61391
86403
54258
21331
6227
78661
56223
53814
62378
83184
67053
11828
24903
13613
6027
30191
19119
66830
37522
43984
7163
91946
49502
19413
76091
26826
12059
52480
93262
78279
92084
16296
27391
94781
89255
49734
24358
56503
75859
45036
95699
86401
68344
10058
24707
68259
32055
52037
20136
42830
22249
54068
50749
41609
94282
92934
75280
9250
73768
77482
41869
60297
63538
70451
68609
13638
78404
93451
32587
48970
40993
4744
88628
33566
42357
82563
10941
74776
69567
42850
955
63930
29194
69661
32844
90705
50325
38900
14629
23509
33716
71607
27155
71082
24686
61734
65902
63237
26526
85149
51260
14591
38489
11548
91785
64079
97832
9020
81899
15230
28907
52224
90608
37406
53984
19407
51029
26578
236
90985
91871
65756
45269
42942
61474
69768
79573
62003
82635
46874
28475
96351
42131
60566
68402
95614
62737
28914
92748
86888
27497
55930
31094
79776
26076
49709
2250
92726
71294
45450
86348
45407
90251
17985
34128
67407
28935
38066
92583
32249
21811
99416
15330
37524
68613
19430
43293
16894
29378
95407
86763
87758
95785
80336
13387
9617
21915
27506
48316
52414
791
41583
22531
51655
54405
65319
63268
57600
64401
25668
6497
69571
8197
60836
25588
83190
81036
50709
12546
68343
78303
77040
18655
38699
84445
46977
59857
69824
64887
23711
18897
72236
85588
21434
31012
28207
91234
38296
22879
56648
57499
20662
85562
79144
95455
74750
1350
22009
26895
67584
11685
4145
68191
88227
8762
28605
57298
72354
56946
16914
33585
28522
1782
99528
33424
42821
4189
3258
95789
80150
45311
57049
81620
44942
83559
71197
98271
11947
9519
31890
86111
88549
36688
92934
68184
24096
86428
39545
85806
38855
74039
45319
43069
5457
79533
42792
61460
79081
91451
80437
2147
39102
45010
44529
47925
74615
36869
82978
49481
18931
87987
80078
31277
14073
43307
96018
21263
65279
42438
3108
15578
27659
69029
21853
14487
52387
88172
84294
69040
8227
10991
29535
59288
85640
83463
66879
84346
85414
82537
25737
82206
91450
16829
48260
12919
28255
71381
70598
32630
7693
6467
81753
57873
76654
18881
45188
69710
87573
871
17663
35434
27113
86625
2222
31980
54806
59139
27810
39594
23107
1341
56688
36972
73035
14490
82656
69747
25493
94156
97998
83084
17328
49514
75155
6102
63341
75202
30327
50957
60698
36651
10486
42603
90591
9605
72777
26650
13484
22430
5799
12158
98907
85857
75991
93849
78532
58984
69121
63908
62134
92597
36878
67402
10030
11349
51553
77335
12748
44804
18076
65427
88907
94063
91910
22946
75674
25440
3801
42269
52679
15592
97936
4313
9882
33527
48716
29572
42643
34077
33241
41240
33144
54707
1465
57719
56288
52949
4099
78803
30338
95274
9518
54924
17839
9889
65234
32053
70692
45707
36951
46229
4809
37686
88769
1123
84367
64722
51823
99673
93453
486
65431
16528
73761
99845
64772
91903
11016
33945
32202
99404
59918
85536
25481
90491
7662
42825
45514
46466
89455
84874
8652
75220
85984
34524
44157
74444
52373
65814
46132
45610
50972
92063
71032
83755
86157
28039
86821
86937
68343
15061
47881
26201
66554
21424
91016
92033
44110
82181
22151
86427
10415
22110
90826
61113
63295
13601
30115
11927
40995
57235
73292
26895
50667
36995
45409
51361
91100
94305
67864
77297
41395
85554
7109
85936
44475
36239
44869
72953
74517
81564
46498
63632
40820
88105
56615
81834
47100
84046
56661
71025
94825
86552
77761
78226
91996
3985
74051
2490
4612
7960
26609
78331
67080
15658
66161
11524
49988
96324
73950
9773
68851
17576
44452
53988
5882
76885
71098
37248
8304
21558
46664
57995
21361
46525
53771
91610
11948
73453
57663
80247
39631
56944
3442
74639
35875
34023
62963
33563
59387
31628
72808
36769
5753
73500
54055
95364
62930
82630
7019
50032
20649
58349
29692
31900
61420
18180
17306
23497
83572
33723
62269
97956
32670
57131
88645
33448
46608
30158
23437
96835
51859
91269
28104
65597
83566
47998
88087
10349
40574
61489
85510
91561
28000
98086
60861
33616
84542
38872
3075
26907
39517
2213
94310
74406
95476
26649
75627
42997
86248
81872
92852
1810
17403
24103
28085
29923
56376
88795
21668
53999
2865
18397
41808
32780
36623
55830
64679
39837
9405
95350
86477
8559
20565
71631
735
94112
91694
85193
39139
75910
34684
7715
92170
71153
89729
84294
97053
55052
95046
51376
4857
86598
38456
18890
15985
20088
32479
22980
3899
42073
49234
41829
30586
11001
49165
81160
94106
92564
38523
78345
38500
77579
94518
44421
99394
41225
4179
61871
54840
52555
73248
82674
242
71407
74758
25923
68663
76215
23504
57215
73360
50660
82213
43051
58111
19736
27972
12657
2693
66484
33378
26889
45820
79540
45840
49347
55915
78587
80629
38306
1279
39902
78500
29764
45547
97422
17103
61688
21745
26098
6893
97431
18842
23761
46889
42354
48378
95354
63379
11837
45569
9078
5551
1126
99221
37855
26024
27915
97859
21504
31403
67070
25680
85085
48203
73553
41223
27124
12908
94426
24130
47767
61391
3686
80906
21370
62589
54737
59298
30660
14051
34471
32714
70291
92867
20192
81062
96488
34506
86056
12439
46450
94184
79206
41300
76252
30674
87470
63048
69235
40826
50247
42440
48216
64571
22143
63750
84317
74829
84928
74341
32803
64465
17571
90104
42060
43352
76375
21158
75685
62569
7646
19296
59612
89919
13893
44815
16335
71181
21160
99725
76471
24915
49944
76741
64289
35126
75006
29048
38271
25719
70448
74510
30402
23440
75588
9818
68571
41884
84429
25008
85355
48135
56956
76851
13393
5737
74013
794
42676
22978
9176
15479
68298
73793
70813
1268
88552
149
75467
14805
22744
49379
49682
35308
5680
47676
21598
25127
81506
61862
55892
27013
63444
55540
6082
13653
47914
2853
6718
51174
71659
83344
4666
37655
78683
44800
33464
30144
20178
87420
67642
79199
45096
92348
54939
48720
51591
90286
13496
10599
60306
41858
98404
68699
39318
80329
87398
84725
57522
49478
8994
49727
68338
54613
38069
69317
28849
33158
13643
8105
40821
42692
91519
69434
59535
58990
30525
70177
53944
74335
25186
7191
17416
87282
40020
1942
22143
79035
70989
52910
82293
78735
58229
21536
41065
30211
805
26841
25030
86131
79044
26224
15500
71975
72893
15583
71128
81910
75803
90534
98542
91370
42776
72351
8547
97043
78528
17191
14258
23966
67096
95223
24533
71563
67780
47471
61120
5693
53964
2518
81224
42184
51129
62629
18473
8821
38311
49438
64798
17361
13264
33039
3301
24961
85763
55112
67922
15204
55766
96687
49560
82989
53557
34196
90282
64630
67540
73654
7340
14775
62001
52150
66947
95148
91941
48230
84118
6610
55012
48357
59331
65654
81593
75309
75383
99231
53232
96193
68537
7648
56938
92689
56880
24319
28248
94224
55825
83243
9502
45938
35746
90371
51425
7646
79986
83371
15923
57441
82814
55835
95869
4111
86381
16568
53734
96300
93328
52394
95040
53092
7410
63735
34929
30695
48361
46298
86525
82919
59185
99258
98325
69376
74175
50630
94492
14622
44155
3889
26733
23901
21814
26387
29331
16735
94471
19764
79955
48282
14177
35289
8013
50191
15839
22962
59624
37666
32840
32187
23665
97448
16635
13989
46905
92697
41907
9966
17896
94995
32046
51576
79062
81196
71133
34840
34364
13371
77999
80187
55918
53809
5604
34917
57135
53846
94651
26624
92224
95246
54224
29945
62308
55890
64201
66120
56937
17774
94292
15099
36457
34585
12787
83313
65448
28586
14417
36736
40392
92119
31241
78486
15744
27694
3045
22975
21740
72489
74459
94475
84559
17988
54872
57017
4895
53577
24160
64614
24483
34103
92385
6085
11821
95712
24792
7141
28093
21723
24828
43870
92236
90881
27357
16418
50078
23981
91828
29388
66702
81725
918
26385
3408
56576
63969
30121
11116
44447
96552
46624
70538
78270
97567
2356
36140
54789
73515
96427
95683
88377
65923
66578
40061
81215
22389
87258
49157
7916
14298
40850
38628
74429
44973
29005
79815
26045
10910
20030
346
47386
75678
60402
96597
18424
91181
13750
40772
64928
54208
29018
45199
69154
17528
81017
54315
87176
84274
71212
70874
52923
1950
24355
87051
35842
38118
67424
83404
59006
63677
31358
79088
77581
91607
73209
65221
63755
19156
76551
29972
43527
99672
51409
88736
83225
26625
21454
65666
29167
46840
55827
33850
62573
32555
75735
10616
43675
32648
41827
21695
83868
92217
7346
93414
2864
76678
4229
5603
98960
61637
14521
39576
84878
53008
67895
85320
19045
83221
97549
29950
92786
88813
81396
35493
17559
12292
93192
28277
93198
86913
89161
64425
28061
56820
59646
6408
25060
57007
82472
44135
43721
27617
24936
20701
97758
65377
54735
77725
50074
21237
36644
18109
22674
37821
11378
95070
47668
82872
75835
75486
47344
75571
9790
92857
46259
21504
23107
606
86339
68984
29692
59976
37174
74562
89623
48432
68029
18751
99316
54286
75503
44377
51042
31133
41364
99398
27797
21771
28754
53673
47215
25384
11805
24845
19158
74103
73601
92384
35561
5437
556
787
68290
65613
47382
53041
10992
55514
46236
73666
64304
35717
85977
77016
30298
40002
93123
10988
51660
7777
4710
58865
3861
34992
35126
72773
24448
60435
3916
81060
42605
49666
9605
58878
54230
12435
5812
76357
73072
91045
60203
41975
76813
86931
54314
40073
58501
50625
12808
20947
88365
46322
34440
39539
88812
16407
33811
54465
26244
13608
92942
92992
27391
38833
64766
59509
34946
21293
66800
15172
27549
4164
52632
84607
42561
53851
51229
51892
56558
93785
19707
92550
98110
74767
63835
50836
90157
32985
42411
12354
45186
54169
86555
40877
65406
57698
33048
45226
32253
38069
92032
17140
4796
52746
43701
34314
85028
25229
86061
54119
49484
40078
36389
32992
91304
42658
22741
94080
64565
20541
88628
31452
73636
35779
73983
83032
4262
97679
28542
26376
50257
14245
60010
51533
49914
37091
18662
43433
9621
19462
72488
62587
58682
39855
32553
47394
48977
4801
46935
73899
85826
33535
93412
99605
52337
44526
66037
86771
68475
9295
68765
47605
8264
12463
527
78872
83763
58618
40434
56630
92833
96411
19256
43185
19232
88162
93873
17805
68190
39320
25096
80362
18380
16265
96054
92744
72070
23244
98328
16782
89257
79607
56012
79366
98693
37097
54143
45553
88998
3552
87208
8664
96401
94211
45898
12745
22173
14686
15848
7209
32447
90728
70779
96102
15855
99060
4292
85139
318
20828
59493
48509
59298
34660
83697
34423
69985
89818
56651
3479
21106
51622
15039
47134
6466
91095
23460
64919
81790
98691
22648
88525
7101
37995
19387
28449
44604
19466
69400
84657
32921
66550
44417
6531
12550
66923
67708
9353
34509
50159
48556
54688
44437
9744
45447
80234
97736
92204
40220
21056
27898
8962
10962
98613
59770
87610
50143
66555
32237
68446
86291
93011
70745
69375
32451
27938
29013
87733
2748
51051
1481
81082
9543
20982
93246
70720
78012
49510
22644
41408
92412
6081
23131
68745
18847
17279
5740
91651
33063
63526
41158
61564
18612
91016
21331
42282
90643
50711
64522
4733
43688
48233
34865
59546
17952
38552
57720
96925
27974
27611
25510
58119
99951
49378
5220
45693
19574
71277
78383
90847
930
43552
67099
35179
48844
48843
25564
51572
1955
27103
5529
24315
11912
47942
36288
32071
35251
77615
95019
29002
88828
41044
81697
99111
47151
10662
54286
66799
40476
63313
24560
82651
46264
34031
62657
67637
53399
61275
9331
91194
18486
62014
48893
79064
26665
97049
52951
95307
15507
87036
65310
19548
19925
17927
61778
45333
48453
30865
85118
58347
6796
26050
25036
14302
43298
22701
85827
25463
2715
7954
60176
82052
39696
76376
6657
80195
61400
8759
10535
1597
39860
63958
92801
91810
59068
60746
20689
13728
39142
8010
64463
10845
10536
1111
39889
889
94947
39770
73538
34548
86357
38645
28969
96329
15630
95524
35842
94996
25127
54114
71115
89546
75996
48436
51776
23376
60108
44103
11894
94046
91075
98093
53311
68972
4302
43083
78918
68425
4784
65043
40188
76348
63114
83479
56558
6801
75135
62582
93227
49271
68760
78498
16070
39589
62616
43057
77632
54864
55545
37476
26542
10664
53400
40957
74178
46516
20151
48522
97056
21906
74011
60051
1181
9067
36094
88218
25435
61149
79091
76837
15136
54781
16466
43140
53988
54551
18915
57578
2911
23616
44122
52969
57632
9402
18281
11179
3390
66320
13445
9955
14779
38382
23430
25181
21459
13856
52826
74498
36392
81284
98626
57120
22223
61681
22008
91616
53584
65222
79049
78548
18340
22385
3426
18069
89165
69338
11618
93942
88373
25216
31690
94887
63515
85021
40419
81803
89039
65999
30355
25092
10183
87655
18345
30187
49254
35970
50100
41359
1605
60915
51610
63942
58861
83035
27483
73396
10314
39623
8773
85915
89935
83974
8391
49801
56056
62175
50904
79403
13548
31106
5339
94158
14186
48571
64545
44094
99897
61922
82749
154
85740
45040
4099
62786
14669
85222
89359
95460
54575
1301
75289
21136
49549
82239
81894
29163
81968
71451
16329
27706
49759
86305
9147
42496
14059
54514
58447
6576
26507
69538
50603
7650
2533
15665
72399
59788
67247
90093
28752
44414
63934
54124
32617
21885
81644
78474
39238
49429
28001
8770
55632
53809
46124
66434
67960
97801
50404
17460
94411
48430
34905
86979
89301
1860
90291
71083
95244
44968
50401
98975
64598
36808
78024
28366
48833
74568
90885
14899
84999
68045
23497
82440
92215
84309
18311
35232
27864
39917
40424
95187
43163
11890
14171
18011
20822
10665
86995
40381
73697
8282
36294
37064
32659
43343
48285
21644
54366
30594
14459
7437
35142
87454
10803
56220
25918
52433
47737
81527
4949
11088
4587
40602
80014
64008
91424
44447
59827
68319
13212
39006
55619
59256
46483
62122
48129
11623
77124
60729
82718
32252
89364
60651
35865
84096
40680
17384
29991
30164
5106
40434
60410
51219
18281
76048
38087
35033
11608
53586
45011
56951
79999
49330
45143
71615
87953
98162
93225
13913
82078
88369
36188
63592
44688
7688
7446
62417
92713
69792
73069
85373
98944
39540
640
58122
88480
92627
86537
81786
42279
90659
95450
73073
21820
26214
37146
52908
14151
94144
29791
19889
84971
75099
76593
26305
18900
75220
13095
33868
20722
51952
66140
63944
49131
70099
2330
72776
55398
74514
33774
76044
3389
36262
91949
19079
54454
27581
76724
39139
11026
7665
36891
94394
26075
56060
40990
40600
2132
73382
52798
20913
23171
80091
34522
96909
85438
83223
62566
89576
19156
48271
55685
17919
22070
8808
83386
19751
57904
69977
43659
14395
8057
13648
73407
20190
3271
92816
82403
71082
3463
10721
82166
86029
38578
16217
14833
32570
71063
11073
73928
91591
91435
57168
48859
74230
12423
91960
18067
63764
84305
9139
61899
55479
14293
38040
65639
45716
36209
60172
35540
77633
43209
34128
56282
85714
65928
61186
76968
93633
51167
13050
24585
10816
72141
60496
8807
41892
80296
87077
66
70188
90842
45562
34025
1533
79389
16494
19902
57835
55465
57984
7522
91291
70202
93789
98550
49488
10079
72773
71063
59336
26405
46986
23395
13425
51065
57885
33186
36285
53079
90651
70576
79994
97652
55063
726
48669
79636
78070
60122
79597
16708
47984
93598
15127
4079
33117
94541
83896
52175
8733
99477
72575
51465
65338
50003
10026
34541
38619
50021
4640
34479
96756
14259
72556
70737
44353
25272
69602
29002
53919
90435
92984
39853
15590
17874
50125
2569
3701
10841
1517
45054
94869
13759
72036
58602
36376
29935
90917
97105
55955
70929
64415
84313
24480
90588
7155
29876
31596
2985
58272
15163
10978
82785
86668
73225
56724
99033
46062
53772
5243
38900
74963
33663
18101
36623
49323
6173
90377
34701
86335
58162
26435
69340
66675
23289
70375
90201
89484
81531
51981
95713
99477
60539
10661
89519
28768
82719
89630
41060
77385
93449
50502
63879
15882
460
44527
8920
31086
52171
90814
6889
51715
83638
54209
83722
84468
62793
85891
16243
63152
76764
88285
91304
63503
8332
92551
80990
64598
65959
91689
48958
44091
47306
55233
58496
78970
35833
62497
61611
86152
52763
30552
10262
77940
12643
80344
45798
26209
59671
79824
90718
26187
94138
26444
88074
25748
33558
83088
8148
39423
91458
61237
69480
97604
98280
53130
1876
90963
33502
50672
12737
57651
85823
53032
4859
26597
9134
57146
33778
74055
96020
45751
85834
72539
47636
36113
4285
11358
79083
29264
90144
46216
62781
4378
56845
91658
78821
35767
23396
4652
10937
71093
89397
20147
99467
98469
47090
90230
38573
47473
50573
47284
83968
14479
80351
58587
19564
76237
12613
64849
16657
57316
26922
98407
7700
46803
63463
58172
88181
17541
71538
77879
54762
87251
74715
61768
85591
75041
14834
77596
69584
49055
27021
90675
95461
31479
40930
94641
18467
25616
99626
44740
32952
56411
36822
27640
92359
70608
55657
8131
34697
25608
7730
77546
91168
7148
79818
91331
78401
55080
57540
23916
619
43805
50111
87888
17047
59330
28480
61444
62036
38471
50250
43180
40595
87342
19172
6527
60432
76106
54387
57463
3076
14832
25196
8616
81321
51366
40804
70474
77954
96265
71317
26129
11616
72141
16205
99842
29664
5164
29505
51679
85016
25013
57249
30578
14205
16221
41891
96400
97284
68647
970
77921
46681
7721
92807
68119
41777
46133
40716
70785
98688
87809
99041
3149
40655
32299
9256
28091
13423
73102
12451
36473
72122
57006
55691
25231
51425
73165
54083
20067
19128
70433
47806
72958
4817
59370
23924
24152
89886
41391
56517
55929
42960
21658
55445
81117
85625
4652
4040
3207
77393
41698
9058
56897
15946
98332
82424
87956
58960
35991
23637
59564
87192
57334
74097
78609
45014
47404
70249
19887
14207
53858
31060
88778
99582
88675
77222
3652
30879
1021
94370
98159
14386
66381
20700
40476
99864
60566
60550
41713
63611
38907
99822
78910
46872
20705
26575
89369
30314
86915
40670
2576
69914
35102
70062
63540
67354
99835
98120
67111
98897
39000
46323
66689
80744
6895
49742
42686
5951
83531
8895
16240
48310
6205
889
71861
91894
54205
85217
9073
11554
70409
45110
77549
99211
64597
64075
62887
3599
32416
49037
80838
26945
41263
76460
6690
1122
79740
55879
13463
47892
40873
76480
17676
13157
10948
26663
34664
53479
65606
53976
26770
44654
32743
63376
87222
76737
67801
35462
40087
97700
1192
83127
52421
68735
59889
55052
48591
98276
35617
37488
88706
28885
70624
2000
23197
61451
58665
96145
63809
14497
13619
76496
17609
32900
41069
39004
15102
79981
59212
10364
26129
69634
54620
25889
97942
21086
25672
34302
68729
47845
61865
37977
6779
24559
30768
98291
639
10732
96042
10108
78786
48628
69703
76841
68713
94230
9774
98107
14788
84688
10441
15681
61852
93509
96036
50268
77236
75582
22441
1563
27733
58136
9903
77129
50016
90880
79809
61805
53128
28807
44610
38695
69837
84528
4884
25214
30060
53520
40422
93226
63975
85271
43276
1035
55077
46094
29843
76753
54141
95235
86374
57568
33899
74913
47676
7452
11227
97061
82336
7081
88711
94793
59444
34017
70709
94981
1572
28679
90360
59867
86695
72174
43461
40223
47749
85751
62735
80362
32705
98477
81752
16145
30317
19646
31573
11179
37089
95526
85198
83476
39590
26220
14984
85150
12845
67749
56411
11065
90378
46889
77938
28875
44336
71884
41147
42524
25202
30824
97994
24017
49738
31308
12679
74157
93098
49949
14525
1961
36456
28350
85196
44564
45030
73357
58719
84714
3039
93729
65965
61308
11927
32800
86607
9941
66087
37258
81045
15052
56354
35895
62389
3035
15698
88953
34296
56525
13845
8673
64333
84097
27936
44691
84477
36744
64902
74130
10498
22733
87864
35558
50162
35854
3678
98403
26551
78541
1635
65016
77277
30994
94366
61222
2951
90198
1178
83053
28998
78569
31302
32282
13758
1021
69976
91432
82783
11324
43800
60161
94334
33904
43463
99191
44312
75616
11739
5439
203
53511
62548
72539
13084
59257
82910
74653
94336
78626
83795
48282
59451
85337
8144
36726
35124
32546
74753
4916
97852
72412
35238
28517
62307
44408
47975
10541
66005
86442
27683
81126
3126
39338
12222
91721
44826
34874
99232
23599
45956
80316
44383
92441
78853
78265
80298
45672
53699
49650
10616
17299
81920
59822
57213
26196
14191
82942
90228
78077
37856
78271
50366
58882
49885
93440
80819
87815
30988
54421
22222
32006
34101
49677
88186
71560
66181
66837
31251
43717
86071
94264
29524
87894
63220
56989
72772
59587
42079
16756
3428
80414
35269
29295
72740
44044
24936
18454
5208
3282
86183
96420
25478
22329
59077
32060
91045
89995
86448
45244
91376
54619
3529
84053
19493
59519
12496
23878
95581
28951
18
12690
23851
78920
59180
75122
93675
4592
58495
79521
93909
26634
60157
66754
95371
62503
27329
37301
70594
25522
75956
94047
62242
44516
20438
42203
82032
39846
34497
54892
20487
87891
98633
23207
74536
55307
33821
22929
54769
86877
27424
46569
17031
86289
41790
69075
74117
37916
58570
38250
82448
79440
52551
6834
65931
50145
7626
52208
34588
7748
84488
61784
79087
27825
24760
97429
73975
74233
29465
90629
2169
56334
81107
61601
21219
69412
88106
214
27838
48383
17913
94308
41400
51664
50877
41881
19359
32074
30753
37650
37984
44645
9748
81567
20295
87456
86071
17171
69803
70896
10189
71029
73385
63212
92329
30979
69588
65768
78269
70594
39630
30116
72999
99963
67602
40825
82627
98814
33587
52915
13697
66992
48865
90857
16079
9423
15907
87251
80706
57978
97493
63634
6618
20987
9109
33295
33155
42708
6669
36564
92592
49636
27629
2702
76122
58326
57769
69368
21802
20268
38139
80552
26931
83354
97136
26943
59307
56617
91167
88907
91899
75158
64044
91523
13689
75579
90029
83624
75809
8724
48352
8302
16540
36172
88081
41068
71364
79662
81359
33649
14958
18544
30320
16363
900
59306
88403
80058
61788
33401
80336
79826
7609
14819
56677
76972
13396
87250
98644
63218
18553
32176
96821
91624
69735
53853
63402
72459
26720
4930
1774
79031
16469
27276
49530
48441
64403
76649
31417
55294
53908
56929
7254
82589
65150
49904
76520
13325
22549
89985
6086
18800
36567
99712
80504
25159
59957
71564
35251
98410
91228
54316
22544
99984
48771
78085
76585
29819
7970
31201
90515
92029
40592
84165
90913
89428
20816
41225
97303
77452
65529
88457
83931
85519
57825
98765
19006
44373
62149
48826
42591
41718
77098
766
58523
65183
87623
2242
58026
81690
72240
62582
63058
45278
92804
69794
76017
21697
44514
23499
49050
67356
72036
72199
41017
2668
63977
59841
13056
75416
22423
6214
24758
18413
66839
68527
32078
67603
72358
57328
55442
21632
61342
8999
81876
92036
64054
49132
88550
14348
39391
16383
26771
64760
99849
54756
85262
54415
16226
23795
59446
53966
87060
20764
89527
34735
45392
56675
94281
99619
41139
78893
19784
16830
81274
87033
42710
62630
31897
46035
16344
25399
86461
60508
24148
22713
82576
37848
10478
35517
6207
34128
90974
69083
56520
46381
6181
9102
57254
87657
71101
53103
91209
57117
90680
62298
3279
96422
56649
97062
64444
5812
14648
70412
14238
78518
92235
78186
2412
530
8189
42050
31869
54263
41383
32051
64437
59252
23572
19085
88612
80819
34595
44520
64150
38470
20753
84101
52227
49847
27577
26361
11859
53132
36686
81961
93363
61099
23140
89664
87886
13353
4447
87127
98348
9833
35304
70229
81633
28258
13191
73379
74468
50948
99100
65029
56131
52373
24939
67579
19993
27717
54608
78928
22867
74936
89231
94106
56231
78020
58725
99752
36624
77521
21650
41620
43851
55970
3198
45897
45113
10377
37235
8780
30768
31804
42424
55579
53168
62857
54800
10572
3836
57953
59534
11885
86259
28347
13170
51870
41623
14166
24292
22767
63094
89057
65353
99888
90533
69583
21298
107
12075
71102
41670
12152
11535
24654
52035
7004
91373
45223
97842
1636
69776
20776
39262
67422
97389
73578
89067
45703
64334
30570
87275
57337
71365
27957
36092
70494
20375
66650
76545
21523
38911
29847
74301
67403
90992
71808
96257
85125
42212
87704
1831
23272
40976
78491
43258
54144
49688
31846
67733
70962
9800
50454
40935
23999
52863
72354
66194
91932
76066
44497
56538
40279
85212
30359
27837
27457
70696
55157
20459
80845
22755
18121
24112
80145
11118
30270
75984
53421
51158
68279
25792
12383
53729
70261
13045
27798
9117
37675
81598
73346
86878
49089
64468
46817
42771
36125
7957
11226
11664
19705
68244
85250
30932
55549
5920
52311
82786
91939
24347
50733
65884
99829
46245
53548
6729
95688
99589
45881
99522
40805
88667
60254
19547
67310
59062
35741
89588
50787
26377
25585
91503
22102
27647
89700
5788
86973
71702
73432
30838
763
10132
92018
80533
28178
24038
11365
83939
2726
23448
40099
14085
89245
86010
25272
54153
44254
19527
74662
68873
63547
18915
12340
86538
4187
2318
10933
12735
68949
53431
34007
90793
45233
67450
65022
95858
97652
96629
95534
99653
23692
18091
94602
71185
95272
1292
83835
84996
25503
35488
98047
93051
19581
88560
20205
78942
91515
7720
41161
53805
54265
39921
9588
72204
19847
45175
5645
43205
78129
99555
93025
86955
58263
36272
78436
40324
15100
53055
34921
46477
24419
21929
26065
72763
15448
73536
1774
88866
16896
92318
23165
2908
43601
51145
14009
97040
4899
34390
29287
26014
72951
46994
77549
42343
9516
83715
33144
89880
13038
37535
26772
63977
14422
59139
8435
70875
19499
40371
35492
31563
68929
83770
50397
66080
62187
37552
77603
63063
71261
20821
87200
86325
51833
37338
44029
95360
44959
77809
85359
59864
50654
40472
47619
29735
46284
57646
93277
81476
17290
1960
72628
99523
65539
60120
92073
66744
61467
4383
50426
32208
10172
62288
47830
96281
8772
83754
68073
3224
82565
31300
84406
59671
932
73935
41401
3726
90406
48168
20954
33887
81988
60634
9249
69598
52511
45986
43276
55957
45756
60986
30483
43961
88018
91137
3170
74630
44959
69752
90448
70454
1814
60979
64898
90835
87433
38132
48491
39543
4107
96544
42923
21663
69785
76225
83190
35133
27024
33756
48
47668
23901
95134
16946
53740
26123
41690
104
28233
76688
29754
26554
93502
79719
21377
34333
94784
48456
8230
71418
35273
23910
43684
65583
56595
40307
59134
96032
63092
86187
29776
59491
78971
85942
72341
88381
96272
5528
2679
96758
18565
68268
54655
893
30378
51869
63453
85692
25593
26197
46169
65589
9376
82825
70505
19122
47717
2021
88395
60068
76192
575
25543
44865
95360
4771
60178
5967
73971
96784
94691
43844
53218
89932
22397
6543
95286
98460
18289
35036
47735
80909
37479
55012
1568
52635
87876
51364
5307
82651
54745
70279
60027
12764
93895
55683
60980
62795
77590
41720
70321
14728
72612
91008
2408
744
53526
89633
78242
55329
5779
84106
58841
30065
53098
73017
98692
11180
51557
46616
69894
24584
28685
1308
95197
60865
10205
42813
93882
3589
69210
31716
88249
98275
53061
18182
40478
56516
91768
58811
89715
49995
68320
7920
37449
12513
36188
27982
85606
34645
2139
69518
66259
5281
53554
29429
14442
27060
98569
8570
26281
8567
4682
54315
13509
15201
66839
91927
12399
42712
9587
19722
30247
62688
29507
67366
15760
77642
13949
94053
21055
14843
29992
33891
82442
82688
63587
79525
84765
11136
3000
31818
89803
98631
2968
33381
3059
91926
36366
46782
25278
32360
38758
34476
85084
12387
77819
46807
77391
99536
34437
26867
38554
1500
65198
96580
73742
65643
26987
97053
14565
29022
83619
18067
25743
60839
81672
66505
98439
68304
78124
91613
64859
68966
25930
6126
43810
67854
75315
16675
80129
16140
28383
4277
72263
69541
92498
76307
91725
9294
13991
45025
85764
36324
37845
74568
20320
62
31354
78230
64152
77403
30099
40959
37029
74416
13192
88132
44966
83671
91324
21065
3686
93418
96004
92071
7871
11375
91232
97516
38223
35498
89933
25975
10935
76859
46589
10414
64927
15646
14844
98271
51040
50294
4219
71379
34321
81895
43641
18845
45691
61274
61134
90342
22452
14510
18823
34696
58471
54180
280
59219
44345
78241
33314
28932
15433
56189
45440
61636
41389
3067
91563
64739
84667
45833
63801
2804
27416
93791
91949
80969
16339
34988
69688
78728
3248
93897
96486
70983
65440
2189
8002
28850
74474
54042
78867
1397
44523
40161
20866
41301
32214
80599
66835
52364
78693
5450
25987
4879
81650
64608
19926
86041
60118
83062
60271
26908
28083
16558
8577
74866
24318
3974
67184
61104
55273
57367
85624
46309
95510
78435
31394
14609
55847
40968
66206
25717
73257
32930
89188
28314
98518
8875
57091
83900
57710
63704
68203
49623
41904
2132
1432
21108
35687
44729
34974
41792
29692
81037
29980
44026
74865
53026
53810
98993
26926
28016
34760
17431
98354
99202
85525
61231
82173
34056
6235
97160
36909
76117
79533
48269
25352
94077
99961
76021
81049
63561
37827
56684
35968
61637
23763
99288
80357
51835
54348
89211
41534
38356
61435
31427
62215
72119
58272
10512
30936
98462
73989
80685
67241
46535
14727
48496
92516
73831
44461
13190
23707
95772
61444
85359
11631
49929
57299
13199
8181
67186
84878
7452
87455
48040
28340
71136
64683
71251
64295
8144
53798
94159
26388
6059
79601
39256
37360
62803
13687
99970
52430
54194
34642
40141
65716
20053
22505
6263
67477
80192
85085
19360
4102
78427
79426
64211
85069
92719
35596
47661
1494
42571
11920
54880
69442
71059
10874
92677
87807
78137
63110
72372
5389
34334
43392
51214
24663
9505
16719
20981
30817
10006
25502
5130
23745
29469
19389
1769
48022
83292
98164
88698
61245
15040
85144
88933
54698
34130
73572
80333
41938
68491
91742
21373
60694
93347
13933
56587
91377
27803
3700
59834
81534
74659
13676
71299
79741
15630
81750
85028
24716
64147
57346
47777
5840
20946
63490
37113
9809
73853
50455
96926
94805
32503
25000
21931
88356
91136
45554
99193
87963
68238
58189
34390
54610
80417
10794
13232
28433
69779
23630
74379
63108
18977
13233
99168
70932
56183
63664
55611
94098
73425
14167
69367
69334
56048
85520
32783
32853
48489
98741
4583
20480
62145
49234
97441
53855
64771
87112
98390
67757
77702
20118
17946
25904
47098
99423
17777
92972
48491
70562
23925
79129
30123
71859
92805
50021
99843
40910
60606
99949
12804
46050
73215
18881
22754
94201
63417
44973
18406
79086
14871
83437
78196
24527
28249
89880
41669
46403
83934
61653
13802
3771
77771
54267
89784
34823
91667
41617
12042
76501
49180
68512
48809
47992
97739
1960
14037
37777
53797
73635
32175
71498
44938
20175
88167
53647
83866
70198
92917
69925
13179
97350
37590
9076
66989
57250
6271
13117
5690
52822
65828
93103
93544
27327
54286
53907
5279
67285
44555
55971
67513
8536
69075
4590
63561
77845
52731
97997
56089
69721
16361
84388
11043
53564
81217
74961
38459
29751
25954
35195
956
4980
22022
29761
79156
36915
794
27846
24721
6146
86308
85119
76367
9470
61212
6187
61946
32680
20307
57084
60584
53332
6030
41214
52839
44359
13279
74116
44007
97949
97173
92538
5931
65765
16670
11505
46060
16348
99392
99447
78999
43496
18580
75889
45437
20391
31781
48830
96075
83468
42719
99650
34057
47247
12693
92228
88441
96808
65960
29939
73317
78092
4719
9279
72496
7873
73645
22105
78037
55065
91360
39818
2376
2887
96786
72285
78491
87483
42036
31904
60237
22739
292
48932
35909
63332
47073
78040
72075
28433
16371
8041
11839
7063
29301
36836
61984
92718
42247
1827
16770
49691
63921
62412
82733
96418
46323
15649
88391
2221
63261
88767
85566
32961
51947
92914
74896
48422
8075
41416
17098
49642
92905
32746
23704
97950
32023
73539
56213
79119
59796
70185
1005
65849
90970
48908
28854
39672
81416
73669
92510
69446
73746
18876
63578
7729
10304
19578
60791
58637
36010
65667
75788
91179
6581
28603
59627
20608
63853
9256
93527
56993
39234
73695
30710
24982
98787
90
62708
91660
48965
94376
33136
421
80756
44921
94699
97953
41774
77162
81046
58694
90812
38020
44130
56557
7393
86881
89824
7230
97
95029
29823
6046
81718
58629
56233
16165
56766
11724
36737
19759
97393
85154
22888
30907
67506
94950
61808
83058
91662
59412
2447
46230
55266
38000
91594
99504
65654
57079
61917
82909
99872
37696
24593
79465
14222
68771
92464
32922
93139
75438
76140
89659
70494
16743
15122
64223
65133
9499
28768
67166
34260
15835
97780
1112
63227
50809
15930
26405
78350
63427
83849
21207
90579
19523
51956
12608
52133
68166
57998
35045
35692
4604
46159
80299
26281
52240
99343
39316
49671
73721
63962
295
47948
86956
97485
59759
52846
5705
22943
23740
485
46391
31789
24722
77376
42833
36692
56697
86847
88879
39289
35407
77493
85210
44365
23811
80833
1105
21613
23824
64018
74517
88829
24544
15289
64568
66322
14455
44789
39380
31288
10527
1423
29176
83046
30651
77647
99634
15281
37510
98369
3746
79814
11782
67614
51746
17938
70460
77142
98165
29964
32147
64915
82661
51396
45291
48130
76988
5027
37665
45464
84340
2247
15765
46247
9232
73978
41360
80479
66250
21934
39070
92910
24130
94235
43657
26852
88078
5960
78589
78963
7618
44807
68508
94913
59930
24817
27378
37695
99313
76975
31354
75238
82281
94518
80874
2095
74756
82902
79948
31135
22945
99632
12338
65485
22673
7555
74053
88453
53330
6694
29554
89658
52035
54343
95025
79351
91236
30908
16306
29687
88669
59838
1302
21664
22473
44002
87135
69517
46195
38002
70817
40520
98558
36157
8902
87509
81050
19280
96339
63834
32761
69872
67672
96049
66367
34970
24772
48325
41750
88678
84427
24384
44468
22246
56421
17705
5134
68584
8134
38816
42752
50245
45233
19664
40129
25131
39675
19397
62724
92580
66047
33304
13644
13978
65159
37259
76945
96696
39851
83661
39037
87870
2134
1736
93663
25448
33069
44951
29814
97919
87202
71399
73891
71284
71896
39185
7526
52050
58577
48158
10700
68445
37692
61792
86146
68536
12072
98565
5489
53551
34452
90890
80178
87491
34050
71464
998
49969
44370
61846
8767
28220
39857
6125
55835
76374
12507
13767
93076
5317
71235
49999
70277
4854
26586
39564
69207
41394
31248
30244
98106
18991
82926
96217
63905
39350
60225
48157
4266
47277
54528
56908
5336
2042
81244
90650
53079
72279
2330
11632
66197
12279
68669
77915
36803
40925
95654
47947
61418
11009
18252
91419
79300
26314
32847
68498
47724
36591
22323
51368
74562
16433
78145
26957
97329
13064
78579
37776
44885
30182
55766
89011
43020
265
85984
74292
28432
86082
67252
50054
16899
43730
6311
18910
30969
74068
23078
66208
30051
87233
94816
30715
1533
5762
4534
80329
65401
35877
28587
6802
16791
43599
96910
49618
81024
82613
86065
8505
83871
34211
59983
6504
46180
36087
56259
21078
96418
96461
26842
9419
57334
12698
81171
15976
3637
39505
47042
65106
6426
80772
59947
9865
77114
11281
15126
29122
98660
69716
68264
39509
85142
2824
50514
16148
42079
82074
71479
96675
9352
58771
19784
76766
56187
71353
35049
92188
63396
69481
17359
22337
71884
73518
60731
43293
98454
45136
45608
4622
19985
5047
2093
3447
5328
97216
60388
81787
30581
65435
37843
78691
47889
77756
73039
27426
90516
7040
6489
99744
87646
51753
24839
64257
31236
60153
30845
43951
84197
3127
74948
29115
44287
26201
85918
26238
81334
99627
67848
897
46716
76948
88654
3203
13561
67066
71298
48087
43648
22613
13102
59491
92795
48278
814
77514
60302
36767
59475
70587
60018
47190
71703
90972
40716
50926
30646
61180
11634
83402
44648
81352
35440
56711
94587
3219
35314
7651
55875
24922
25461
78475
36266
22827
15077
53576
47914
51390
54641
4288
27521
10183
90389
26143
41961
98411
67911
88163
68419
51546
79033
52148
17868
82149
77511
61427
78629
27530
98518
43172
92773
40560
4515
16112
42311
46800
45802
46386
14378
31024
67931
48265
35044
9300
20079
83593
9907
88968
18631
74076
86305
18183
98413
3900
56739
79125
40371
56690
56025
84555
98969
411
65751
96063
65174
6624
28715
94205
91614
66327
93376
95634
75347
43657
53705
30427
40659
90849
23389
63970
89383
33088
84991
72107
89492
20277
84447
55683
54022
34267
99215
11189
21889
34681
94389
57893
89744
24269
95294
58680
59743
15556
47321
61740
61940
84613
4209
33328
82005
4832
84487
48009
75049
63920
62469
52105
74576
80642
14961
18515
11908
54388
27776
66650
45935
238
77157
29887
65594
44988
40394
14807
68259
85434
57188
11385
36015
39262
58742
81388
28805
50983
5076
73412
88520
50622
22734
87327
1312
1265
14842
38325
96791
13027
23365
51331
72200
45687
59477
50231
17290
69948
82079
93206
81327
8179
96829
45363
67511
29497
68417
72966
62060
31175
87394
89715
5318
98611
9472
84888
90445
99479
90062
15549
31632
34189
69661
50641
78220
34397
26795
13432
63722
74075
4330
80636
69459
33532
32290
61435
51379
35757
15713
97736
25589
56625
29609
98139
33231
95703
64753
42465
8568
82846
97820
71080
55467
87197
17302
3857
96972
89908
22643
17289
231
79587
28227
45090
94768
30412
46128
57556
95963
26817
91915
18039
17531
5799
56385
11056
6940
98153
12718
85892
65880
63310
83360
61989
24291
28972
73833
97971
20886
66342
91706
34869
5742
54530
8148
85895
21226
13581
86727
60096
36376
14568
99559
75231
6854
7327
74446
36467
7646
41683
68277
31763
38937
96365
41785
22251
36931
71323
18640
86538
30839
43812
47892
11474
74891
36315
52957
8808
49912
95302
42613
77062
72881
33806
79872
21025
74852
47910
53147
87474
7699
77526
70795
75022
18406
45207
4874
28463
85930
73230
42899
33520
50171
48837
67393
86620
75153
80251
72194
26113
79269
61998
41773
76323
34269
47018
65210
73847
81653
5233
30037
16747
40231
33453
42789
1567
81819
69901
52900
90570
33423
58130
14512
82141
23677
99744
6757
41006
28971
33084
47271
81721
90359
75914
75968
88830
66238
74162
56506
178
57726
5872
41427
76007
93780
99814
73611
25847
91331
41538
51443
67586
12015
56201
68049
48725
21618
77086
45949
68488
20886
31524
27659
1265
57114
1776
50055
36842
44773
47456
25705
20902
20375
8207
77955
490
31923
40568
28149
53456
16466
81394
13211
8318
50664
71648
19692
41554
68725
19048
56421
73051
29666
25791
52082
67202
81593
58452
56295
87144
14522
91164
43210
42655
15255
10330
65153
18420
37901
29325
80510
68734
81878
25093
84853
17087
25556
74988
7174
4708
98198
41856
94177
90781
85435
28140
94706
18904
54232
95611
73678
29275
52179
26379
30322
14174
82866
82956
69014
85490
84251
10373
72719
47363
40101
11766
58777
44453
35984
20336
54723
86914
30715
85192
17842
36839
51799
86404
36333
77761
39102
95385
92235
78744
54858
808
36678
7641
50063
27335
26558
44323
27432
84720
98403
93965
69307
98211
9965
2934
5232
87688
63000
35397
78434
82600
31723
77433
32979
82524
60592
97279
84161
99029
62354
5261
53478
43558
42698
25035
46557
58158
1399
8955
27459
21126
11489
4700
96052
98052
57791
7733
6446
50209
24042
14725
73994
56898
53880
26792
5938
56087
75128
38173
56507
58577
69098
85952
51137
44921
87024
29474
46419
11470
64309
74299
92524
92138
59890
54866
43039
45901
52836
42458
13520
66515
61205
50657
24526
40586
9191
69135
77508
52859
57796
68467
2633
13508
31520
83586
86491
61161
18959
1570
34588
77582
98788
50626
48634
35126
44199
11490
1868
86518
88706
49844
76970
97962
94102
98991
90649
21259
47418
5649
66524
98323
27853
88595
33683
92403
26982
49797
22137
44295
75914
20769
98366
58976
31629
23030
34233
38318
1383
70932
30786
88969
38845
47478
24815
50926
28549
39411
90480
12016
86276
26457
10948
96211
42145
81492
35700
39605
40469
53306
57987
96882
85842
71704
43933
53219
88482
35907
19832
51836
13469
21481
77448
85791
18358
68521
88457
44095
71500
94336
28632
46871
79493
7592
99999
52041
16304
87699
4886
66881
38905
33142
69651
51807
94687
75542
37842
60872
74423
2421
52641
23727
41239
30950
26668
37146
70820
27429
53558
746
70996
72766
50226
1159
9885
32971
31285
21653
70934
5454
7855
30081
70471
76869
71813
77063
18819
46329
73527
18401
79521
38983
26197
61006
82920
59279
73169
19984
80097
10677
35919
66037
81100
39130
19887
36954
7416
41367
92927
84742
2808
15794
66881
30797
88922
23805
6611
5543
22481
72340
62807
56086
9403
24722
74990
15684
57876
96127
19344
42206
7160
92481
82360
49289
51842
7135
25751
73470
92265
98380
70692
43393
81055
32651
70162
43024
2902
93246
57017
89818
20225
22426
52388
80932
40819
85955
94094
95804
15299
23473
98004
81819
51904
75523
96599
91273
44159
58614
8471
82479
42897
93413
80119
45620
68353
77949
7062
64823
50260
37688
85213
81928
4359
77361
65368
84578
2213
5660
83797
1482
67902
3211
20136
51099
39963
56670
90127
56491
69836
87370
15218
8715
89124
61641
23651
33897
67120
81706
28377
94977
97366
21051
95973
38162
97382
86190
67742
76208
79283
57954
19227
85935
50607
89753
47654
85752
34523
17699
58096
50467
56451
68027
78685
15291
30175
30986
72761
18693
90708
7123
31579
34652
63430
21900
25041
48848
29432
47579
59903
40462
45553
67558
44985
41520
4240
67621
91154
59070
73147
41019
80186
62027
37311
49878
21092
54101
77759
94089
75082
77011
59590
692
71076
14059
69819
61668
52508
93133
40722
16158
93151
20345
17937
94275
94770
10768
84221
14045
32668
21097
29582
50394
46494
30589
66396
75729
83191
61237
24137
5283
86536
75921
22554
67284
93463
44114
14366
57881
41194
18773
8986
33872
11189
25136
37306
42461
36008
22421
94254
86565
73418
62786
581
76666
8408
38442
58301
25750
78268
77395
35180
2565
28464
21093
2894
70256
97777
93095
70697
2376
23
46916
1915
86330
16635
63302
74053
95498
39485
52463
45020
35625
6570
5157
17718
48476
54485
28037
53177
86324
71146
93288
68446
54568
69752
30337
69602
56539
20751
88307
12540
64530
72408
1887
54605
84147
62521
404
58662
75264
73973
10160
37870
42173
14987
13461
84204
7987
11334
44271
6673
43888
82193
20054
16236
32537
33963
32132
33557
6744
47068
42737
63042
19474
49623
65972
71992
69298
68800
42008
37271
26611
25856
49092
73513
80255
93984
36340
36704
51609
69492
1767
4875
3789
16320
84666
73667
7297
31463
89168
68722
10256
44614
6719
69089
1326
9186
59207
56298
46461
63845
41599
52241
26833
43766
3190
85708
4617
99081
69983
32154
95721
34302
77167
4249
34126
16992
50346
31737
71229
16554
46875
58327
65329
24731
44590
621
81406
78238
44160
59470
39368
50959
33485
47724
20140
8205
47770
99957
63300
18759
47292
59574
67389
1795
26412
96584
34599
45224
61968
95390
85242
69599
6963
66069
4189
27475
36354
74945
71459
21918
55715
60622
72150
99875
90713
223
77132
26179
85566
17197
35238
72210
52036
76889
20095
59568
27028
98931
30358
83592
16476
26583
50743
4151
25953
32296
43129
31865
4338
6056
51884
56748
55861
68478
75686
63261
7976
74166
79270
50823
57771
22489
92856
32094
58016
72744
74458
12660
45412
68545
90848
65234
58290
12354
6616
99086
38715
95205
57606
91140
64857
78952
24948
89007
13476
48810
18952
18224
9521
2467
28350
26033
80068
18711
89668
72294
93224
53318
83952
34435
29117
42826
73660
27851
99715
57887
51186
55726
7004
37028
82341
93012
4869
48949
93016
78113
9108
76883
65365
32814
82064
92095
80973
56093
3664
85248
72874
40664
29002
54143
25636
42458
24135
4263
93377
92716
66355
4577
89200
79974
92990
55227
36412
44921
83639
65999
61770
24998
64767
14892
54133
57526
32699
54639
8022
303
1329
61685
20958
56790
94203
76920
15871
99375
17188
70372
15419
68676
67520
73099
3794
89437
57799
58683
73357
84286
59398
24005
68431
85491
98704
14410
6605
41808
71806
61878
79129
92613
78428
56499
6287
34741
14349
51334
51045
38792
3006
8639
74897
81154
91636
31474
53467
45561
85046
88889
56271
13761
41002
35139
34985
8696
5202
43824
57612
75561
20961
26340
72155
86245
8958
80746
82705
30820
75795
21872
73296
16155
76617
76462
20455
26155
26659
88134
94056
10754
29369
66141
57899
61491
64594
29158
46402
368
59354
40776
11823
55646
45849
6877
7656
23327
96583
6759
98134
16324
14889
59640
61232
84626
50628
86090
83119
49270
5480
9989
25705
30520
89965
60729
85738
66360
95263
77718
53860
11297
46856
89608
25085
77383
14173
39225
8358
29518
60668
51834
32171
75291
32125
99175
45658
95963
97517
94569
70146
49679
76340
65493
64841
40583
9126
89128
32133
88252
53705
43694
2969
50682
18785
23803
10776
51062
78562
91573
83630
33641
47314
86925
58683
27261
31314
268
50295
26403
16911
18677
83872
9153
98236
92713
41144
99020
95772
35192
49376
43298
67881
55496
86993
24513
71389
53424
71150
43440
84484
45131
38957
12311
65396
70331
33411
75023
83736
34775
57503
27533
27874
74872
65556
46064
61333
92392
19522
43388
73990
96342
49802
64136
49680
6381
25072
98947
50871
17556
53686
44250
3155
99692
10413
59558
47594
6392
6560
77375
17304
98437
99007
2176
86192
44228
64232
94381
32376
46016
47082
72854
56565
54760
30888
85161
96580
78775
65442
88690
83173
61749
32434
57703
89449
4202
24132
81467
36432
29180
60401
46874
30721
47692
71615
5266
26661
62379
30555
7681
25096
58883
25103
55322
43516
73577
25350
52780
18301
93587
13665
70376
28763
40457
14365
18990
64809
12328
80780
15795
95311
11187
71869
72590
32644
61499
77945
69729
30367
34463
35647
88148
95625
28167
6008
59565
45634
18070
76238
60666
88475
84525
85845
20943
62418
44483
70716
35790
25156
63017
65031
76610
44543
97018
158
67863
5841
28144
92142
57361
16973
75056
14949
40580
62900
35984
15339
12348
33015
1847
37041
10013
21298
97413
86852
81013
78010
53416
93339
54770
73799
86070
80037
23912
22391
62084
99322
43053
96355
57067
50608
34706
62007
73121
37062
51390
54080
67461
98726
80566
8593
58044
96777
94788
73197
14506
13548
43272
18291
13077
76051
53090
79348
32707
6902
58268
71098
96293
55868
3298
27660
15671
67720
73937
39144
81946
97601
92613
74952
53798
93865
78364
6682
35512
30094
11985
69483
3810
83004
65849
29682
37955
20977
54911
58619
31128
89154
40436
47927
12739
51360
71262
39821
91140
76551
78732
87493
34085
38041
50906
5342
40342
27485
99272
16501
20012
72367
96880
56018
93394
85729
10693
42049
38655
69900
72890
84549
67087
42216
35997
61193
81395
50011
34897
53658
77259
94598
35157
3879
81300
89561
81558
19525
79644
37322
73330
30720
80403
19798
83287
75870
70709
63887
6954
73500
74333
60609
74694
19105
89454
87884
84985
31299
87807
11282
20190
59905
86225
14500
87540
60132
59503
41896
87488
31634
49533
19097
49218
18986
39837
54509
88805
70977
6905
14524
39360
60159
30141
8248
74497
71191
40781
13793
96510
76774
16779
27482
88919
33367
85468
19764
39354
45371
78698
37184
23250
66075
96178
98479
1389
26465
71948
94643
25079
8802
6146
17787
61599
10959
19669
11659
49486
79564
12871
57893
68395
25303
61071
86364
61408
72084
59465
25485
79095
33288
37918
88811
24041
52932
2155
28068
62190
97372
22043
69463
33053
34001
79925
90150
34692
87423
12383
84735
81366
20737
27342
17922
31798
49765
55087
58723
64281
61489
96557
44070
31158
74434
65175
25262
59699
48376
79517
9359
78998
23511
53295
19444
43217
45074
46384
62634
90380
8451
86070
12763
22862
41897
41195
85879
20845
29271
33566
10993
3215
63568
764
75961
31720
13504
82391
58965
13712
80083
87855
39720
96345
17805
17933
21378
60872
96035
54628
84033
19496
80106
4277
33777
89223
18807
77380
7495
67257
35194
15278
42843
60692
31023
28604
25356
29617
31622
95347
80143
87218
17637
77370
84363
63048
12835
53437
38466
76374
23062
34041
49131
85347
50394
18753
44900
74730
38723
80362
66704
19980
42204
11706
49781
18756
46427
50909
40935
12222
13628
8623
75658
28013
67940
56932
73316
64340
84375
3723
95416
392
96165
68605
51930
62093
89057
96893
33694
94192
8300
96688
95122
89812
64311
60750
10744
6768
86389
39638
81577
56325
40360
65536
72861
84550
95628
87156
23398
78993
99923
65341
78546
24165
95842
96213
63870
98125
92352
74174
34511
49458
86506
80554
6513
19036
15889
85406
700
74155
10714
79698
7088
4013
5940
13085
8438
84947
68477
98459
85188
61453
92242
58660
60874
4749
14741
32989
37055
4443
12839
31601
9834
20916
42525
24367
56265
76044
97722
77466
28244
88168
76558
5758
93923
63548
60061
91893
22259
40989
27811
34134
15000
48969
57892
24066
52222
75276
84320
22600
32469
68039
14164
98148
56629
83999
38677
14319
25862
74968
8029
6206
98200
56634
77594
64065
75905
35242
75271
51142
76223
77132
83919
18411
71856
93715
80765
43149
74311
80207
26507
10578
73206
90270
50848
78196
37694
50688
38321
10948
32357
20311
78508
52078
99209
75709
8169
99261
9951
62343
39258
88524
98111
84507
36458
49526
39458
19926
80619
84895
60858
35585
30357
43632
22686
50243
73069
3978
38003
36016
38765
54703
62843
76572
35364
65402
16338
2637
52465
66202
66794
6910
72135
15175
50428
99926
19868
17787
73161
6024
86619
76879
82674
14290
53719
93964
87886
93187
56445
13020
46054
49571
29182
96518
33928
62878
85351
50054
68670
53498
98660
66768
46706
50692
68726
45618
24254
9881
73778
48641
71942
91748
35864
1456
97764
56291
49890
8589
47552
43840
56826
50579
60219
12003
73514
53369
76207
72611
26802
72164
71903
25964
78086
11687
20217
21006
65851
12707
58089
79554
38423
70738
75380
10281
96928
16949
26422
3902
19278
83651
5432
44821
90073
97089
20091
96524
18385
88848
43733
18038
85663
93801
25950
47053
29391
7345
93844
41618
34608
7566
81705
6814
75046
9001
85624
45382
18393
3847
51328
62034
86060
63735
68491
20012
36847
20601
62831
95416
26013
18725
48492
99940
76536
31667
27536
45883
87699
67608
809
8623
97665
44532
84988
1230
11312
2690
14363
13509
2384
35990
42649
83451
99847
66188
50138
62938
72390
54221
4515
11530
32115
41516
19873
2240
88705
40789
7794
51429
98770
50633
16762
91318
71538
51092
11792
88064
11721
48468
54806
70957
3107
76764
8135
79023
62337
30433
98447
50141
21315
98556
46482
74794
28821
94049
89145
11631
97177
23211
94863
15268
58157
20689
507
58088
33881
82833
78780
37284
73012
68470
78647
45979
50378
291
68214
52979
78982
92288
49380
79566
37387
49155
6683
83716
72585
32030
98924
62210
98714
61681
1487
59344
75374
34970
59721
27280
15768
63373
19276
17563
44577
3367
58044
95917
98164
37621
56095
63162
35643
83279
5010
33935
8312
48945
76029
71887
17091
35612
37649
5100
72873
78349
37613
48714
63047
55413
41677
43085
18982
49313
52114
75286
73873
30431
12587
89335
98117
47925
42860
6282
255
54957
36741
69125
85518
65680
99735
99484
71167
39956
99057
3083
68033
18452
47985
89305
51081
85514
48968
76415
58294
20169
75479
38551
76826
6607
81274
13140
98107
14682
87568
28172
49481
28218
13537
27553
38944
94377
83672
69776
81693
90805
66649
50227
12437
59011
74746
50667
25815
32147
80231
50783
28755
93318
85761
46173
33247
36575
19481
4719
65758
66874
12345
59039
20378
67616
55137
76548
36823
84759
25710
70629
41513
25043
23169
16518
50227
42519
45033
13728
94188
92374
95865
93180
97977
63942
21402
1692
7241
65817
20936
9063
36984
25178
2488
73719
87054
80679
10283
71733
50467
93699
72072
41005
22344
76265
85073
17485
2473
35631
83578
43547
72893
65269
8760
9956
23418
69962
31741
52371
92613
98682
64692
60898
89525
73153
31561
76933
62329
42227
59940
45405
84053
62656
98676
62470
32684
5344
62002
8833
53215
12860
50299
87069
2542
88730
13
87698
94671
81987
70861
93205
83284
41458
87098
91812
41479
53437
11489
13537
24395
43690
45520
19911
29408
20120
17484
75698
728
55996
41259
6066
60496
65266
2906
95876
86822
1294
59657
19111
744
18250
16441
95922
68697
70431
78774
62386
74840
88935
67663
3780
68478
67420
22105
46032
45794
9055
7852
21973
82270
35347
97274
29123
92394
34147
84492
73945
56659
28958
52376
53892
22349
84553
13600
62987
54229
24957
6583
19321
84032
29010
39030
3553
83492
86011
36668
66353
64694
39336
72876
9693
93622
19498
26084
72001
88062
69730
36133
50399
59377
96993
8238
74614
49185
39206
43747
6608
6602
25526
60601
77570
49444
20677
3195
89650
53708
86614
31295
3653
19596
65193
20738
5875
69518
84094
4799
97388
43761
14864
34488
77261
72855
66759
38406
97602
22225
82970
18426
52738
24289
16829
26093
27462
35966
4792
26517
70014
85409
20254
71413
74273
777
87653
71056
52659
46026
59889
76081
56290
23893
13710
54392
52211
44693
97525
75872
98813
999
73998
98166
70078
32930
35823
80485
66837
16525
37245
39209
18997
58548
76146
99005
26506
35092
81980
86232
8810
68457
13312
57613
32659
97040
45435
56458
66334
56367
33281
41170
64715
55881
67774
36328
24084
5739
4802
15334
58167
20615
35150
35433
37609
3413
81012
10839
3964
90756
50116
27798
16224
24279
52033
76572
13025
96997
82899
99671
76882
12391
14559
33104
68164
85374
82059
47951
55969
8912
49455
83306
10694
7840
48037
98398
38778
2286
23394
61687
33968
7129
98123
37764
91432
1023
55532
29102
81120
8807
76350
78990
5019
54477
15244
44471
69286
58392
86829
3604
86706
72041
41941
70142
87553
66442
54045
50459
57597
16102
2978
92548
40919
49504
38627
44966
42103
69193
30662
64787
37514
79798
62115
87942
58583
698
4396
2780
41354
81550
19218
48227
46035
83523
68952
91637
37901
36842
81110
28214
86583
36108
4901
83874
84681
88888
18256
96414
8545
90181
92218
96123
44235
55616
96288
6218
79833
9643
33064
35977
21667
91448
23457
44986
26463
10971
24777
15606
54048
60171
53160
82602
35930
60525
99077
33787
23958
6792
70081
13638
30216
49172
68503
32992
94407
41261
13427
12278
18209
69581
46101
63170
87429
71951
15819
44115
62271
46619
29372
8865
53587
51806
61305
3998
18759
96210
64503
61308
4674
25013
91060
74040
37222
13056
31892
42133
6873
87121
10242
20940
28080
12618
18982
10347
56630
96483
74557
76765
33516
77741
71426
9195
86517
99907
60027
72316
61378
85311
38586
34573
73351
60417
44479
17234
66822
13338
54402
31615
45824
11
54285
45986
91503
53861
19621
51099
13919
95305
54850
73856
95037
82054
76424
22321
67381
88951
88371
32101
38531
56932
91451
24063
15491
4731
87391
76402
4934
54051
88256
60310
65431
79204
17645
87751
65976
55576
95186
72348
61491
47801
28738
9916
30455
48129
99718
43881
32385
48265
16143
92631
33655
3791
25263
80818
18948
29322
23061
34637
52636
44661
71451
72367
79473
77467
35638
45728
57187
16348
83915
65064
94960
99767
50068
71939
31182
20805
44591
6401
21536
25566
15091
53013
24132
83880
98538
39669
62314
14985
78404
6290
17674
57979
58321
56682
55962
87098
90496
56161
16775
85241
51936
39991
4238
5693
44435
53223
422
71597
5322
51266
85763
85492
55106
52278
91545
47126
75466
47454
28296
6726
6429
43321
30959
13075
75108
31371
36780
50959
20063
54646
65079
959
55076
68366
99419
96050
24121
72224
82173
94104
35257
25694
19051
33138
25406
44484
56927
87049
223
16241
42091
93550
13678
66644
88079
83183
527
53246
82299
98513
51482
63726
38894
56006
25688
47646
61653
69573
28040
16402
15236
24422
39870
4707
15571
62593
80733
98810
41023
17427
96286
1556
34771
13244
12670
22476
15799
28612
71330
52285
41016
6858
59889
5489
64224
85847
84457
92230
19025
10547
86676
11067
12216
86554
94833
38104
51802
30473
12540
24653
49536
73952
90755
5599
31656
82164
99341
63683
63563
54660
12874
91102
44178
86762
52104
39168
54036
83064
77224
49176
47438
31093
12027
13230
63523
62818
89082
22438
93668
54456
45186
21730
83385
40889
63665
5471
65700
50018
55484
56130
20000
94521
94688
49426
25415
93699
75323
23735
31015
36523
36796
38933
96487
38453
12542
30446
66382
89260
92880
97980
28661
36821
57126
55169
73959
2740
22302
6396
15860
79652
76194
10027
54431
17193
11041
33569
65365
63883
50806
5504
75317
95528
69770
21054
40340
27275
33071
64667
78832
76062
50890
70699
22972
12978
27100
55615
43369
20904
524
19940
70486
51835
22307
36278
83366
60394
86503
10900
61306
75305
32574
30720
97322
58985
68342
84927
53620
96897
19797
81085
98733
52953
234
59233
3621
25006
5330
44320
89704
35333
83071
67241
15691
95047
97841
27826
62014
88468
6516
69316
21782
33767
91095
83167
35391
89560
47127
65493
12278
93633
10182
1982
67769
39619
13565
66859
65586
20188
9705
83244
97283
91197
54888
7224
48734
40259
52437
66005
783
75295
72961
1719
86233
83916
21978
46758
78615
52839
4977
83968
19475
78059
47910
25578
448
41113
67131
78469
3928
74545
46977
50154
71910
90541
75437
89827
16400
723
8804
51881
6787
12204
84719
15483
69627
45281
79665
93136
14573
81491
11793
13568
56463
17297
22823
69877
38115
68266
33842
82540
70926
41373
58951
38718
1127
68945
78012
34227
78376
76751
15157
62609
50347
40880
43244
66933
32084
73308
36122
94271
2086
64426
20345
70233
58459
2302
35869
41517
27945
83096
1335
18109
58199
24776
93676
83606
39470
97188
94063
32055
95630
85510
22660
32771
56498
11277
83125
20811
73507
45395
64530
60057
68967
60953
3087
28346
15529
90142
89037
29615
26955
69218
15043
46744
3841
78204
1635
10587
18721
7903
2504
75625
43793
15796
87864
60730
21490
64524
27654
34752
53213
71924
47973
910
34779
39946
13974
61456
98463
71291
304
24615
31006
27256
46259
49516
24548
27984
56942
11625
83161
47241
4033
11155
51535
7828
155
39977
54292
40842
69392
68760
34556
32304
13138
15368
58587
43997
75278
8004
9655
61908
43573
62140
28804
95253
85204
48976
72744
21859
3526
44978
49828
51529
20449
16988
63945
58027
34190
15474
43100
12447
75736
19672
54565
35996
88998
2683
11712
78584
89403
62042
58983
21125
13615
91832
80907
94077
59091
56122
18714
2522
26327
60296
93765
48932
18968
6817
30909
48806
27339
65008
46835
41464
19485
80641
18563
8556
90507
426
75486
26224
75704
88958
64687
93329
16011
71207
23727
97836
75197
42373
57731
6150
47486
48716
58279
86111
61539
57905
20492
3352
82128
5534
11652
62836
34406
25598
19803
2668
27291
47079
64005
85636
32304
66199
79249
75453
82093
84497
98537
29288
88922
36546
42184
85940
47538
17964
90193
79884
79158
64312
57311
65411
93681
24526
12440
92236
95801
18736
84095
34177
37341
69633
71881
35904
22905
48990
40271
9256
8885
86504
5469
80247
96860
46824
38710
60646
11601
92450
99
93888
71191
15112
85921
4077
2159
36321
19329
58975
26074
48972
39434
43126
45700
96190
46999
25631
88610
61062
46351
98608
24047
71439
82525
56997
54866
7728
10319
88110
569
38365
47615
40236
29683
97620
59187
43570
70203
63470
89192
63911
25294
89426
10627
79792
48159
93557
88272
87105
84739
10369
