-766484
471173
765593
-588669
-610268
438583
328723
376921
249457
-252910
-958004
-37018
168167
-991357
20561
-468281
277935
-985728
648569
-430751
-854435
-975121
904813
-104284
86314
224777
422860
-725493
-892114
834628
-160572
-777113
-366815
632369
439870
-390432
-613333
-554823
627203
970416
-872067
552486
321160
381711
277549
-120511
-963616
201095
903913
-637439
93894
19512
-973704
-67556
187596
-236822
738030
188016
357622
42804
265142
-977087
-685071
568014
-250455
219229
-983391
728070
282258
336957
-591029
285778
510913
104808
335532
539579
-992828
-42514
-250383
-720401
-496519
366456
576358
396586
94935
-824321
-163537
-901598
550833
-719228
974198
346904
-8143
679473
-275410
-651210
362616
-826734
-690022
717158
