verð  flm bílsk svalir Kj Hátt
33.3   66   0.0   8.6  0  0
43.9   87  25.4   0.0  0  0
42.9   93   0.0   0.0  0  0
28.3   68   0.0   0.0  1  0
41.2   82  27.6   0.0  0  0
36.8   89   0.0   0.0  0  0
31.9   79   0.0   0.0  1  0
48.6  115   0.0   7.8  0  0
32.7   66   0.0   8.1  0  0
51.7  105   0.0   0.0  0  0
64.1  151  23.1   0.0  0  0
47.5  160   0.0   0.0  1  0
36.7   75  21.6   0.0  0  0
43.2  107   0.0   0.0  0  0
28.1   64   0.0   0.0  0  0
41.5  106   0.0  11.2  0  1
25.7   50   0.0   9.1  0  0
23.7   49   0.0   0.0  0  0
27.8   65   0.0   9.2  0  0
25.0   48   0.0   9.9  0  0
41.2  107   0.0   8.0  0  0
45.0   92  25.9   0.0  0  0
45.7  127  25.1   8.9  0  1
48.2  100  25.1  11.3  0  0
50.4  113  23.1  12.0  0  0
30.2   64   0.0   9.9  0  1
46.5  122   0.0  10.5  0  0
32.9   89   0.0   0.0  1  0
32.6   72   0.0   8.5  0  0
56.4  134  26.4   0.0  0  0
48.1  117  26.0   9.0  0  1
38.6   84  22.4   0.0  0  0
40.3   99   0.0   9.2  0  0
34.1   79  24.9   0.0  1  0
27.2   67   0.0   0.0  0  0
36.6   97   0.0  11.0  0  0
43.7   82  27.4   9.5  0  0
35.9   79   0.0  12.3  0  0
41.3  102   0.0   0.0  0  0
39.2   76   0.0   0.0  0  0
35.4   80   0.0   0.0  0  0
63.5  160  24.8   8.0  0  1
22.4   41   0.0  10.6  0  0
28.1   69   0.0   0.0  0  0
30.5   58   0.0   8.7  0  0
66.0  182   0.0  10.1  0  1
43.1   82  29.1   0.0  0  0
50.4  159   0.0   0.0  0  0
40.8   96   0.0   0.0  0  0
40.1   92   0.0  10.2  0  0
31.2   60   0.0   0.0  0  0
29.5   62   0.0   5.7  0  0
35.5   88   0.0   0.0  0  0
36.5   73  25.1   9.6  0  1
67.0  184  24.5   0.0  0  0
28.5   61   0.0   8.6  0  0
56.6  146   0.0   0.0  0  0
54.8  104  22.4  13.9  0  0
39.3   80  25.0  12.1  0  0
28.6   63   0.0   0.0  0  0
28.9   69   0.0   0.0  1  0
28.7   71   0.0   9.7  0  1
28.1   56   0.0   8.8  0  0
50.4  153   0.0   0.0  1  0
30.7   68   0.0   9.6  0  0
29.4   59   0.0   0.0  0  0
45.4   91  26.2   0.0  0  0
44.0   91  28.8  10.5  0  0
28.5   56   0.0  12.0  0  1
32.6   76   0.0   0.0  0  0
45.0   98  23.4   9.8  0  0
56.7  141  24.6  11.7  0  1
38.1   80  25.2   0.0  0  0
52.9  124  25.7   9.4  0  0
25.8   51   0.0  12.3  0  0
31.3   78   0.0   0.0  1  0
46.1   96  25.9   9.1  0  0
22.6   39   0.0   0.0  0  0
48.1   97  28.0   0.0  0  0
31.2   73   0.0   0.0  0  0
30.9   61   0.0   7.8  0  0
60.3  135  26.4  12.3  0  0
45.4  100  23.9   0.0  1  0
32.6   69   0.0  11.9  0  0
39.5   79  29.8   9.0  0  0
27.0   55   0.0   0.0  0  0
29.3   62   0.0   0.0  0  0
55.8  144  23.9   8.8  0  0
76.0  180  25.8  12.8  0  0
44.6  117   0.0   0.0  0  0
32.6   70   0.0   0.0  0  0
38.6  101   0.0   0.0  0  0
42.6   75  28.0   0.0  0  0
32.1   70   0.0   9.4  0  0
47.9  127   0.0  10.4  0  0
61.2  180   0.0   0.0  1  0
37.3   99   0.0   0.0  1  0
52.5  127   0.0  12.3  0  1
32.6   71   0.0   0.0  1  0
35.5   82   0.0  10.1  0  1
