186 70 442
181 61 424
187 56 430
194 67 458
180 96 457
180 66 425
195 75 464
188 84 461
178 68 424
186 98 471
178 97 454
178 62 419
184 74 441
167 65 397
168 64 400
178 52 408
174 80 428
185 75 442
175 53 402
171 64 405
194 95 481
180 62 422
183 57 422
171 74 414
178 98 454
183 62 428
173 83 430
185 87 458
177 62 415
180 86 444
177 68 423
197 81 475
182 81 445
174 76 427
189 54 432
172 91 437
184 66 434
166 59 392
171 52 394
184 79 447
188 83 458
183 51 417
181 75 437
180 61 420
170 82 424
176 59 409
178 84 441
190 69 448
185 96 465
168 57 394
185 67 436
179 56 412
177 95 448
187 93 467
190 63 442
189 82 461
175 90 441
180 77 436
185 76 447
190 62 442
178 55 409
181 94 455
173 94 440
172 81 427
189 67 443
193 67 453
181 86 449
190 94 475
185 93 462
177 88 442
185 81 451
194 54 442
182 58 423
195 94 483
161 80 401
189 50 429
183 55 422
180 83 443
183 50 414
166 58 390
180 77 439
185 84 453
194 82 470
178 61 417
176 85 435
178 62 418
189 66 441
185 87 455
178 82 437
186 92 463
183 82 449
190 78 456
176 55 407
179 68 427
179 63 422
170 62 401
184 98 468
184 69 437
182 94 457
180 81 442
