181
291
748
128
339
673
3
910
37
327
246
90
525
749
504
802
545
829
524
359
677
579
512
857
80
91
822
208
768
162
29
59
542
315
116
314
371
764
458
677
335
752
512
901
474
926
621
30
910
137
487
776
818
497
174
221
883
964
923
907
373
348
477
627
769
318
663
221
206
135
877
603
366
501
287
549
722
332
382
639
396
417
429
761
379
817
655
193
252
128
224
938
141
933
821
410
293
109
334
685
975
102
982
575
574
57
465
178
251
994
896
504
625
483
913
371
370
823
625
125
294
757
475
843
374
248
877
738
523
245
696
312
781
885
850
920
218
400
233
464
561
731
663
652
382
975
480
8
359
449
704
366
283
52
845
1000
167
209
123
140
200
477
137
442
952
523
44
816
985
861
323
731
787
429
715
343
489
985
396
390
371
784
427
562
646
829
117
444
347
231
687
629
462
634
418
510
798
691
554
620
110
733
338
919
429
488
223
222
818
656
504
889
14
504
517
156
160
904
522
800
395
993
34
304
918
509
142
177
781
984
832
826
225
861
850
543
816
417
459
913
795
962
676
1000
784
343
698
780
13
402
587
478
421
517
150
229
437
146
240
800
836
90
675
480
950
61
929
412
143
228
895
524
66
683
780
385
500
599
894
756
150
185
973
829
611
418
42
552
882
99
847
898
404
516
200
689
177
974
771
887
52
594
55
297
659
266
764
295
396
194
208
498
97
430
160
171
325
458
280
413
610
401
743
723
911
674
702
341
897
359
289
202
11
634
516
763
354
644
712
962
273
462
736
484
830
87
328
86
747
345
829
44
627
460
861
767
50
495
570
15
162
1000
180
101
512
15
480
362
972
715
973
415
586
39
533
516
297
191
418
287
892
554
714
495
738
550
56
421
349
502
770
250
837
882
740
837
880
307
125
732
693
693
916
449
620
172
73
777
748
280
155
360
448
361
453
84
425
932
412
595
387
25
985
453
402
348
365
337
812
157
768
63
766
735
460
933
891
963
284
624
461
288
164
783
461
604
48
164
417
436
797
713
991
856
723
497
535
407
290
654
875
833
479
584
469
842
494
723
36
50
927
59
227
838
601
876
62
286
235
18
518
650
119
740
92
372
920
553
72
619
290
115
401
796
362
40
318
400
869
918
379
453
723
749
320
17
245
275
373
572
528
903
600
110
596
363
73
255
430
312
507
427
945
307
949
176
301
468
214
851
761
960
678
913
420
192
950
334
730
655
740
187
340
122
842
651
882
584
565
117
260
671
87
478
336
293
96
230
967
631
290
611
782
695
928
107
82
229
9
524
940
785
142
892
778
760
684
593
507
697
660
752
523
969
86
374
822
962
46
895
981
842
725
753
430
253
515
427
390
504
907
228
593
709
653
43
333
792
791
627
498
751
799
889
813
676
903
949
950
161
80
564
54
146
60
147
378
605
118
184
164
529
525
393
786
188
729
101
102
472
800
310
143
96
754
575
101
250
691
827
681
973
436
74
503
954
993
594
253
861
239
46
823
158
67
354
97
857
106
52
537
38
175
183
169
884
314
219
814
463
3
891
526
41
283
391
801
654
16
833
801
924
437
843
982
733
299
895
962
424
388
767
607
612
438
490
158
549
44
722
942
945
421
649
203
5
575
702
680
684
405
653
608
973
342
63
306
259
633
984
917
212
56
452
677
629
61
366
889
952
358
193
364
362
485
204
527
129
538
56
270
956
44
982
281
606
809
401
965
249
354
868
572
341
262
186
412
25
273
959
546
517
461
832
425
375
249
117
289
791
805
297
857
735
976
621
356
349
485
699
621
144
91
87
379
332
60
531
149
559
198
602
404
171
508
768
639
497
209
638
209
488
803
122
53
52
352
789
732
910
225
11
523
316
422
979
118
130
80
546
621
896
870
934
896
956
864
164
970
522
389
1000
872
164
857
34
912
83
2
698
209
394
350
765
805
570
630
417
52
233
816
433
514
659
466
925
771
616
271
884
924
797
714
527
660
976
477
718
606
825
429
243
640
986
917
481
185
315
630
213
771
782
662
404
934
720
738
291
748
254
129
16
286
711
636
740
374
289
910
390
887
386
9
446
813
179
618
458
509
847
177
821
788
530
403
568
847
534
831
762
225
464
222
86
915
755
667
963
535
607
155
600
497
98
951
49
134
342
133
558
534
978
320
906
536
524
153
63
903
768
191
28
792
562
451
160
794
101
517
308
56
462
109
347
828
450
460
38
952
436
282
246
154
947
134
24
937
461
357
877
143
396
119
698
894
898
824
342
668
281
